3 -3 -2 -2 -5 3 -4 9 -3 8
2 -7 3 0 -8 3 -1 9 5 2
2 -6 5 8 8 -2 -5 -1 -10 8
4 -2 -10 -6 -9 4 -7 6 9 -3
0 -10 -2 -1 7 -9 1 9 7 -4
-8 -10 -4 3 -6 7 -10 3 3 -1
0 9 -7 -7 -3 4 -10 9 0 8
3 -9 -5 9 -8 -4 2 -4 -2 6
-5 -1 -4 0 -3 -9 -1 1 -7 -9
-8 -10 -9 -1 1 -3 6 9 6 -8

0 -8 3 -9 -10 -7 9 9 1 -2
-9 -8 4 -4 4 -9 9 -6 -7 3
-7 8 2 -6 -8 6 0 -1 9 -4
5 -4 -5 7 -4 -2 5 1 -7 -5
9 1 3 -5 -7 -7 0 5 7 -5
-7 -10 0 -5 -7 -4 8 -8 6 5
8 -5 2 -5 -7 -9 2 6 2 8
-3 9 -4 2 4 8 -3 -8 -9 8
-1 2 7 4 4 -10 3 5 2 9
-3 -10 -2 -1 -5 6 -8 8 5 1
